Thu Sep  2 13:27:17 2004                     MPM, Version 0.9.31 (Linux)

Bullet File:             mpm.blt
Options File:            mpm.opt
Trajectory File:         mpm.trj

****** Bullet Information ******

Diameter (in):              0.308      Length (cal):               3.980
Nose Length (cal):          2.260      Ogive Radius (cal):         7.000
Boattail Length (cal):      0.510      Meplat Diameter (cal):      0.250
Base Diameter (cal):        0.766      Band Diameter (cal):        1.000
Weight (gn):                  168      Core Depth (cal):           0.256
Core Spec. Gravity:        11.340      Jacket Thickness(cal):      0.035
Jacket Spec. Gravity:       8.890      Design Twist (in/turn):      12.0
Drag Function:                 G1      Boundary Layer:               L-T

Tangent Radius:             6.998      Tangent/Actual (radii):     1.000
Ixx (Axial, lb-in²):     0.000247      Iyy (Trans, lb-in²):      0.00184
CG (cal from nose):         2.440      Boattail Angle (deg):      12.910
Ogive Ctr. (X, in)         0.0001      Ogive Ctr. (Y, in)         2.0020
Sect. Dens. (lb/in²):       0.253

****** Coefficient Output ******

    Mach    Total     Nose     Skin     Bttl     Base     Band
   0.600    0.104    0.000    0.048    0.000    0.057    0.000
   0.800    0.107    0.000    0.043    0.000    0.063    0.000
   0.900    0.119    0.000    0.042    0.011    0.067    0.000
   0.950    0.188    0.034    0.041    0.044    0.069    0.000
   1.000    0.442    0.066    0.040    0.240    0.095    0.000
   1.050    0.447    0.118    0.040    0.194    0.095    0.000
   1.100    0.452    0.170    0.039    0.149    0.094    0.000
   1.200    0.393    0.169    0.038    0.093    0.093    0.000
   1.350    0.421    0.174    0.036    0.120    0.091    0.000
   1.500    0.410    0.174    0.034    0.113    0.089    0.000
   1.750    0.381    0.170    0.032    0.095    0.084    0.000
   2.000    0.355    0.167    0.030    0.080    0.078    0.000
   2.500    0.313    0.162    0.027    0.059    0.065    0.000
   3.000    0.281    0.159    0.024    0.045    0.054    0.000
   4.000    0.237    0.153    0.020    0.027    0.036    0.000
   5.000    0.237    0.153    0.020    0.027    0.036    0.000

    Mach      CD      CDa2      BC       FF       Cla      Cma
   0.600    0.104    3.176    0.493    0.513    1.844    3.002
   0.800    0.107    2.456    0.602    0.420    1.866    3.191
   0.900    0.119    2.380    0.723    0.350    1.951    3.462
   0.950    0.188    2.594    0.551    0.459    2.276    3.490
   1.000    0.442    3.855    0.275    0.919    2.535    3.311
   1.050    0.447    4.348    0.302    0.844    2.690    3.020
   1.100    0.452    4.840    0.329    0.769    2.741    2.977
   1.200    0.393    5.620    0.411    0.615    2.795    2.994
   1.350    0.421    6.259    0.397    0.637    2.880    2.808
   1.500    0.410    6.027    0.405    0.624    2.985    2.741
   1.750    0.381    5.796    0.417    0.606    3.061    2.570
   2.000    0.355    5.748    0.423    0.598    3.128    2.498
   2.500    0.313    5.273    0.436    0.581    3.232    2.348
   3.000    0.281    5.380    0.461    0.548    3.174    2.176
   4.000    0.237    6.720    0.535    0.473    3.036    2.191
   5.000    0.237    6.720    0.535    0.473    2.914    2.200

    Mach      Clp    Cnpa    Cmpa     Cmpa3     Cmpa5      Cpn
   0.600   -0.009  -0.344  -0.162    38.707  -368.322    0.693
   0.800   -0.008  -0.344  -0.098    35.169  -332.944    0.605
   0.900   -0.008  -0.384   0.013    25.662  -237.867    0.513
   0.950   -0.008  -0.483   0.112    20.134  -182.589    0.748
   1.000   -0.008  -0.443   0.157    13.722  -118.467    0.937
   1.050   -0.008  -0.404   0.195     8.194   -63.189    1.116
   1.100   -0.007  -0.384   0.210     5.762   -38.867    1.166
   1.200   -0.008  -0.344   0.214     4.037   -21.620    1.193
   1.350   -0.008  -0.344   0.220     3.329   -14.544    1.317
   1.500   -0.008  -0.344   0.223     2.976   -11.007    1.394
   1.750   -0.009  -0.344   0.226     2.622    -7.469    1.494
   2.000   -0.010  -0.344   0.230     2.268    -3.931    1.548
   2.500   -0.009  -0.344   0.233     1.914    -0.393    1.639
   3.000   -0.009  -0.344   0.236     1.561     3.144    1.687
   4.000   -0.009  -0.344   0.236     1.561     3.144    1.654
   5.000   -0.009  -0.344   0.236     1.561     3.144    1.622

****** Stability Output ******

  Mach    Stab   Sbar1   Sbar5   Recp1   Recp5      W1       W2 
 0.600   1.488   0.033   1.101  15.565   1.010   443.97   120.66
 0.800   1.400   0.232   1.199   2.440   1.041   577.62   175.21
 0.900   1.290   0.484   1.074   1.362   1.005   624.33   222.61
 0.950   1.280   0.647   1.026   1.142   1.001   656.04   237.94
 1.000   1.349   0.590   0.796   1.202   1.043   709.88   231.16
 1.050   1.479   0.677   0.806   1.116   1.039   775.21   212.88
 1.100   1.501   0.679   0.766   1.115   1.058   816.51   218.63
 1.200   1.492   0.672   0.732   1.120   1.077   888.85   240.39
 1.350   1.591   0.763   0.817   1.060   1.035  1022.31   248.09
 1.500   1.630   0.938   0.995   1.004   1.000  1144.51   267.04
 1.750   1.738   0.958   1.009   1.002   1.000  1359.92   286.89
 2.000   1.788   0.976   1.020   1.001   1.000  1565.76   316.32
 2.500   1.903   0.999   1.036   1.000   1.001  1986.48   366.11
 3.000   2.053   1.002   1.033   1.000   1.001  2422.44   400.67
 4.000   2.039   0.996   1.027   1.000   1.001  3225.42   538.72
 5.000   2.030   0.987   1.019   1.000   1.000  4028.36   676.82

  Mach        A1          B1          A2          B2       Disp 
 0.600   -0.006764   -0.002111    0.001603   -0.003050    0.2317
 0.800   -0.006148   -0.001617    0.000972   -0.003560    0.2058
 0.900   -0.006299   -0.002564    0.000098   -0.003636    0.1714
 0.950   -0.006439   -0.003461   -0.001141   -0.004119    0.1890
 1.000   -0.008325   -0.006450   -0.001282   -0.003157    0.2190
 1.050   -0.006955   -0.005945   -0.002375   -0.003386    0.2690
 1.100   -0.007266   -0.006558   -0.002526   -0.003233    0.2856
 1.200   -0.007625   -0.007119   -0.002519   -0.003025    0.2936
 1.350   -0.006216   -0.005819   -0.003134   -0.003532    0.3510
 1.500   -0.004164   -0.003813   -0.003786   -0.004137    0.3896
 1.750   -0.004096   -0.003799   -0.003933   -0.004231    0.4580
 2.000   -0.004041   -0.003785   -0.004059   -0.004314    0.5009
 2.500   -0.003982   -0.003771   -0.004224   -0.004435    0.5876
 3.000   -0.003959   -0.003790   -0.004213   -0.004383    0.6535
 4.000   -0.003975   -0.003806   -0.004115   -0.004285    0.6314
 5.000   -0.003992   -0.003822   -0.004016   -0.004186    0.6082

****** Trajectory Output ******

Chrono Velocity (f/s):     2900.0      Chrono Distance (f):        0.000
Muzzle Velocity (f/s):     2900.0

Vital Zone Radius (in):     5.000      Twist (in/turn):             12.0
Sight Height (in):          1.500      Sight Offset (in):          0.000
Zero Height (in):           0.000      Zero Offset (in):           0.000
Zero Range (yd):              550

Azimuth (MIL):               0.00      Elevation (MIL):             4.51
Latitude:              45°0'0.0''      Longitude:              0°0'0.0''
Altitude (f):                   0      Height (f):                   0.0
Line of Sight (deg):          0.0      Cant (deg):                   0.0
Direction (deg):              0.0

Wind Direction (deg):        90.0      Wind Speed (mph):           10.00
Temperature (°F):            59.0      Pressure (in Hg):           29.92
Density (lb/f³):         0.076474      Density (% sea level):     100.00
Relative Humidity (%):        0.0      Sound Speed (f/s):         1116.4

Azimuth Correction:            No      Elevation Correction:         Yes
Zero Azimuth:                 Yes      Zero Elevation:               Yes
Corrected Velocity:           Yes      Point Mass Model:              No
Point Blank Range:             No      Point Blank Range Zero:        No
Atmosphere at Altitude:        No      Target Hold:                   No
Exclude Coriolis Force:       Yes      Exclude Centrifugal Force:    Yes
Exclude Magnus Forces:        Yes      Exclude Aerodynamic Jump:     Yes
INTLIFT Cla and Cma:          Yes      INTLIFT Clp:                   No

****** Trajectory Tables ******

Range    Wind    Drop   Vel      Mach   Energy  Mom.    Spin   Time    Stab
 (yd)   (MIL)   (MIL)  (f/s)     (-)    (f-lb) (lb-s)   (rpm)  (sec)   (-) 
    0     ***     ***  2900.0   2.598   3139.3   2.16  174000  0.000  1.932
  100     0.2     3.5  2683.4   2.404   2687.9   2.00  170276  0.108  2.103
  200     0.4     3.0  2474.1   2.216   2285.0   1.85  166622  0.224  2.315
  300     0.7     2.3  2272.5   2.036   1927.8   1.70  163038  0.350  2.568
  400     1.0     1.5  2078.9   1.862   1613.2   1.55  159560  0.488  2.881
  500     1.3     0.5  1893.6   1.696   1338.4   1.41  156260  0.640  3.243
  600     1.6    -0.6  1716.9   1.538   1100.3   1.28  153218  0.806  3.642
  700     2.0    -1.8  1549.8   1.388    896.5   1.16  150406  0.990  4.188
  800     2.4    -3.3  1397.6   1.252    729.0   1.04  147728  1.194  4.736
  900     2.9    -5.0  1263.6   1.132    595.9   0.94  145185  1.420  5.492
 1000     3.4    -6.9  1131.6   1.013    477.9   0.84  142748  1.671  6.117
 1100     3.9    -9.3  1054.6   0.945    415.1   0.79  140223  1.947  6.288
 1200     4.4   -11.9  1016.5   0.910    385.6   0.76  137675  2.238  6.559
 1300     4.9   -14.9   987.1   0.884    363.7   0.74  135162  2.538  6.804
 1400     5.4   -18.2   960.4   0.860    344.3   0.72  132676  2.846  7.061
 1500     5.9   -21.7   935.7   0.838    326.7   0.70  130216  3.164  7.294
 1600     6.3   -25.5   911.8   0.816    310.3   0.68  127783  3.490  7.519
 1700     6.7   -29.6   888.8   0.796    294.8   0.66  125377  3.824  7.722
 1800     7.1   -33.9   866.6   0.776    280.3   0.65  122991  4.168  7.860
 1900     7.5   -38.5   845.1   0.756    266.6   0.63  120624  4.521  7.990
 2000     8.0   -43.3   824.4   0.738    253.6   0.62  118275  4.884  8.110

Range      Bx       By       Bz      Wx      Wy      Wz      G     Error 
 (yd)     (f)      (f)      (f)    (f/s)   (f/s)   (f/s)   (f/s)    (-)  
    0     0.00     0.00    -0.12    10.0     0.0     0.0   32.15  0.0e+00
  100     0.06   300.00     1.02    10.0     0.0     0.0   32.15  1.6e-07
  200     0.26   600.00     1.76    10.0     0.0     0.0   32.15  9.3e-12
  300     0.62   900.00     2.03    10.0     0.0     0.0   32.15  3.8e-08
  400     1.16  1200.00     1.74    10.0     0.0     0.0   32.15  4.7e-08
  500     1.90  1500.00     0.78    10.0     0.0     0.0   32.15  5.5e-08
  600     2.88  1800.00    -1.00    10.0     0.0     0.0   32.15  1.5e-08
  700     4.13  2100.00    -3.76    10.0     0.0     0.0   32.15  1.7e-07
  800     5.71  2400.00    -7.73    10.0     0.0     0.0   32.15  8.4e-07
  900     7.63  2700.00   -13.18    10.0     0.0     0.0   32.15  3.1e-07
 1000     9.96  3000.00   -20.46    10.0     0.0     0.0   32.15  6.0e-07
 1100    12.71  3300.00   -29.98    10.0     0.0     0.0   32.15  7.1e-08
 1200    15.71  3600.00   -42.11    10.0     0.0     0.0   32.15  3.7e-07
 1300    18.90  3900.00   -57.04    10.0     0.0     0.0   32.15  3.7e-07
 1400    22.29  4200.00   -74.94    10.0     0.0     0.0   32.15  1.2e-11
 1500    25.86  4500.00   -96.00    10.0     0.0     0.0   32.15  1.4e-07
 1600    29.63  4800.00  -120.37    10.0     0.0     0.0   32.15  3.7e-11
 1700    33.60  5100.00  -148.26    10.0     0.0     0.0   32.15  8.2e-09
 1800    37.79  5400.00  -179.84    10.0     0.0     0.0   32.15  7.6e-11
 1900    42.20  5700.00  -215.32    10.0     0.0     0.0   32.15  1.0e-10
 2000    46.84  6000.00  -254.92    10.0     0.0     0.0   32.15  1.3e-10

