EAGLE EYES Falconry Usenet Archive 

 alt.falconry 
 Falconry Usenet Post Archive 
 L(ast) I(n) F(irst) O(ut) 
 Last Updated: 05/05/98 12:49 
 588 
 587 
 571 
 563 
 560 
 554 
 552 
 540 
 539 
 536 
 530 
 518 
 467 
 457 
 456 
 453 
 446 
 442 
 441 
 439 
 437 
 432 
 431 
 429 
 427 
 425 
 424 
 420 
 419 
 418 
 417 
 416 
 415 
 414 
 413 
 412 
 411 
 410 
 409 
 408 
 407 
 406 
 405 
 404 
 402 
 401 
 400 
 399 
 395 
 392 
 391 
 387 
 386 
 385 
 384 
 383 
 382 
 381 
 380 
 379 
 378 
 376 
 374 
 373 
 372 
 369 
 366 
 362 
 360 
 358 
 357 
 356 
 348 
 347 
 346 
 345 
 344 
 342 
 341 
 340 
 339 
 338 
 337 
 336 
 329 
 322 
 320 
 312 
 308 
 307 
 303 
 302 
 301 
 300 
 299 
 298 
 295 
 294 
 293 
 292 
 291 
 290 
 289 
 288 
 287 
 286 
 285 
 284 
 283 
 282 
 281 
 280 
 277 
 276 
 275 
 274 
 273 
 272 
 269 
 268 
 267 
 266 
 264 
 263 
 262 
 259 
 258 
 254 
 251 
 248 
 244 
 240 
 234 
 232 
 231 
 [ Eagle Eyes homepage ] 

 Send comments to: Eagle Eyes 
Web pages maintained by: Chibcha Enterprises &#169 1997 All Rights Reserved