Name            Long    Lat    Res    Area Season

AB-1-064/07   139.91  -10.95  4.54  239.47 2 late-spring 
AB-1-113/04   184.05   -6.04  3.47   66.98 2 late-spring 
FHA/00970     188.15   -6.83  1.44   14.36 7 early-winter 
FHA/01032     146.72   20.99  1.50    7.53 3 early-summer 
FHA/01040     176.54   29.53  3.05   26.83 3 early-summer 
FHA/01100     155.05   -8.34  1.44   24.06 7 early-winter 
FHA/01160     141.11   10.66  2.95   53.88 3 early-summer 
FHA/01162     143.26   26.49  3.02   19.13 3 early-summer 
FHA/01176     196.66   -2.64  2.90   91.42 7 early-winter 
FHA/01290     140.56   36.60  3.06   66.79 3 early-summer 
FHA/01492     147.32   28.65  1.51   45.41 3 early-summer 
M00/02092     149.35   24.74  2.98   48.44 3 early-summer 
M01/02691     170.76  -10.63 11.39    8.85 8 late-winter 
M02/01739     189.67   -5.18  4.30   84.24 8 late-winter 
M02/01945     176.79   22.51  3.00   10.94 4 late-summer 
M02/03475     188.11   24.13  3.01   60.80 4 late-summer 
M02/04363     148.89   10.78  5.87  361.41 4 late-summer 
M02/04388     177.76   12.59  2.95  130.22 4 late-summer 
M02/04485     158.76   -6.70  2.86   46.07 8 late-winter 
M02/04672     174.97   24.37  1.51   16.49 4 late-summer 
M02/04738     314.99    1.21  2.89   59.08 4 late-summer 
M02/04898     127.67    8.17  2.92   86.73 4 late-summer 
M03/00427     148.87  -15.06  2.83  120.95 8 late-winter 
M03/00431     150.22   -4.74  2.87   10.63 8 late-winter 
M03/00841     148.89   18.93  2.98   37.94 4 late-summer 
M03/01115     331.54    9.94  4.41  114.37 4 late-summer 
M03/01237      86.36   12.03  4.40  106.00 4 late-summer 
M03/01280     173.85   24.23  4.51   99.08 4 late-summer 
M03/01380     152.44  -13.01  5.68  210.77 8 late-winter 
M03/02531     168.60   -7.28  4.29   87.15 8 late-winter 
M03/03703     318.65   20.74  1.49   22.08 4 late-summer 
M03/03769     155.24   -8.07  4.28   78.75 8 late-winter 
M03/07387     202.69    3.06  2.90   52.33 5 early-fall 
M04/01228     155.05   -8.30  4.29   79.00 1 early-spring 
M07/02324     172.35   24.88  3.01   72.87 5 early-fall 
M07/03356     147.13   24.58  3.00   11.01 5 early-fall 
M07/03530      10.09  -21.24  1.41    8.92 1 early-spring 
M07/03611     154.91   -8.44  2.86   68.39 1 early-spring 
M07/05507     322.86    2.98  5.80  214.46 5 early-fall 
M08/00056     104.28   22.47  2.98   70.87 5 early-fall 
M08/01927     103.62   24.44  4.49   90.33 5 early-fall 
M08/02263     127.76   23.76  2.99   60.63 5 early-fall 
M08/02902     190.62    7.70  5.85  231.28 5 early-fall 
M08/03097     118.61   20.63  2.98   60.36 5 early-fall 
M08/03425     155.64   -7.75  1.43   19.80 2 late-spring 
M08/03699     114.86   24.96  3.00   54.49  6 late-fall 
M08/04762     147.27   -4.91  2.87   49.83 2 late-spring 
M08/05452     315.45    1.26  4.34  175.91  6 late-fall 
M08/06884     134.12   27.27  4.52   87.16  6 late-fall 
M08/07686     328.38   14.61  2.96   10.84  6 late-fall 
M08/07893     137.35   -6.75  2.86   38.95 2 late-spring 
M09/00047     149.06   -9.97  5.70   97.63 2 late-spring 
M09/03285     182.95   11.82  2.94   43.28  6 late-fall 
M09/05865     171.62   -0.74  2.89   64.11 2 late-spring 
M09/06544     162.26   -5.63  2.87   68.80 2 late-spring 
M10/00230     346.09   27.16  4.54  117.64  6 late-fall 
M10/00531     177.94   -4.58  2.87   68.83 2 late-spring 
M10/00662     136.52   23.58  4.49  135.51  6 late-fall 
M10/00768     144.49   -7.87  2.86   68.62 2 late-spring 
M10/00949     115.79   24.25  3.00   25.32  6 late-fall 
M10/00967     142.07    7.11  2.92   59.56  6 late-fall 
M10/01450     147.47  -11.09  2.85   68.21 2 late-spring 
M10/01767     202.81    7.62  2.92   64.70  6 late-fall 
M10/02405     188.07   -5.16  2.87   68.85 2 late-spring 
M10/02407     189.30    4.45  8.72  192.95  6 late-fall 
M10/02605     315.49    1.23  5.78  157.65  6 late-fall 
M10/02646     184.32   -0.37  2.89   79.15 2 late-spring 
M10/03172     134.43   29.22  3.02   11.00 7 early-winter 
M10/03431     314.59    2.03  2.89   64.14 7 early-winter 
M10/03494     185.31   15.03  2.96   59.95 7 early-winter 
M10/03674     310.96    7.72  5.83  158.30 7 early-winter 
M10/03697     341.01   18.67  2.97   60.39 7 early-winter 
M11/00071     322.45    2.88  4.34   88.27 7 early-winter 
M11/00517     267.93  -34.02  2.78   66.78 3 early-summer 
M11/00631     170.53    2.49  2.90   52.30 7 early-winter 
M11/00946     165.94    0.78  2.89   53.19 7 early-winter 
M11/01240     130.95  -14.19  2.83   57.94 3 early-summer 
M11/01363     117.02    5.39  8.70  481.26 7 early-winter 
M11/01385     144.37   -4.34  2.87   58.57 3 early-summer 
M11/01387     148.43   26.15  4.51  123.02 7 early-winter 
M11/01473      74.15   22.12  2.98   53.44 7 early-winter 
M11/01657     112.40    3.62 11.57  686.85 7 early-winter 
M11/01681     143.32   20.87  2.98   10.90 7 early-winter 
M11/01699     168.19   -7.69  2.86   95.10 3 early-summer 
M11/01809     151.52   -8.80  4.27   70.54 3 early-summer 
M11/02560     328.55    6.23  2.92   48.47 7 early-winter 
M11/02634     114.26   25.13  1.50    3.48 7 early-winter 
M11/02657     197.15    2.94  2.90   10.69 7 early-winter 
M11/03445     331.07    0.12  4.34  109.91 7 early-winter 
M11/03547     343.10   -0.56  4.34   31.54 3 early-summer 
M11/03929     322.31    0.30  2.89   64.20 7 early-winter 
M11/04104     146.69    4.18  2.91   10.74 7 early-winter 
M11/04208     320.68   21.27  2.99   60.53 7 early-winter 
M11/04251     158.61    2.79  4.35   79.92 7 early-winter 
M12/00411     323.85   20.27  5.97  145.32 7 early-winter 
M12/00621     148.15   23.43  3.00   10.94 7 early-winter 
M12/00724     128.83    2.36  2.89   21.53 7 early-winter 
M12/00733     155.79  -10.40  4.28  118.90 3 early-summer 
M12/01114     206.74    8.85  5.86  172.80 7 early-winter 
M12/01407      73.94   27.96  6.04  104.41 7 early-winter 
M12/01415     126.27   -8.65  1.43    6.13 3 early-summer 
M12/01417     128.60    9.08  1.46    2.55 7 early-winter 
M12/01516     142.40   21.79  1.50    8.22 7 early-winter 
M12/01847     150.32   23.60  3.00   43.16 7 early-winter 
M12/02038     145.78   22.65  1.50    8.66 7 early-winter 
M12/02154     154.43   -3.60  5.75  156.76 3 early-summer 
M12/02165     183.81    2.02  1.45    7.16 7 early-winter 
M12/02331     124.19   17.51  1.48   14.85 7 early-winter 
M12/02590     185.87   -7.33  4.29   69.00 3 early-summer 
M12/02685     342.10    0.72  5.79  171.06 7 early-winter 
M12/02749     100.18   26.88  3.01   11.00 7 early-winter 
M12/02803     329.63   30.58  6.07   72.21 7 early-winter 
SPO-2-338/06  311.55    9.70 11.82  540.14 8 late-winter 
SPO-2-497/01  181.70   20.91  5.90  266.00 1 early-spring 
