
 Range   Drop   Drop   Wind   Wind    Vel   Mach Energy    Mom   Time
(yard)   (in)  (moa)   (in)  (moa)  (f/s)        (f-lb) (lb-s)    (s)
   0.0   -1.5    0.0    0.0    0.0 3006.6  2.693 3371.5  2.243  0.000
  50.0    0.5    0.9    0.1    0.3 2908.6  2.605 3155.4  2.170  0.051
 100.0    1.4    1.4    0.6    0.6 2812.8  2.519 2951.0  2.098  0.103
 150.0    1.3    0.8    1.4    0.9 2719.1  2.436 2757.6  2.028  0.157
 200.0    0.0    0.0    2.5    1.2 2627.4  2.353 2574.6  1.960  0.214
 250.0   -2.6   -1.0    3.9    1.5 2537.5  2.273 2401.5  1.893  0.272
 300.0   -6.5   -2.1    5.7    1.8 2449.4  2.194 2237.6  1.827  0.332
 350.0  -11.9   -3.2    7.9    2.2 2363.0  2.117 2082.6  1.763  0.394
 400.0  -18.8   -4.5   10.5    2.5 2278.4  2.041 1936.1  1.700  0.459
 450.0  -27.4   -5.8   13.5    2.9 2195.4  1.966 1797.6  1.638  0.526
 500.0  -37.8   -7.2   17.0    3.2 2114.1  1.894 1667.0  1.577  0.595
 550.0  -50.1   -8.7   20.9    3.6 2034.6  1.822 1543.9  1.518  0.668
 600.0  -64.6  -10.3   25.4    4.0 1956.8  1.753 1428.2  1.460  0.743
 650.0  -81.3  -11.9   30.4    4.5 1881.0  1.685 1319.6  1.403  0.821
 700.0 -100.5  -13.7   35.9    4.9 1807.1  1.619 1217.9  1.348  0.903
 750.0 -122.3  -15.6   42.0    5.4 1735.2  1.554 1123.0  1.294  0.987
 800.0 -147.1  -17.6   48.8    5.8 1665.5  1.492 1034.6  1.242  1.076
 850.0 -174.9  -19.7   56.2    6.3 1598.2  1.432  952.7  1.192  1.167
 900.0 -206.2  -21.9   64.3    6.8 1533.4  1.373  877.0  1.144  1.263
 950.0 -241.1  -24.2   73.1    7.3 1471.3  1.318  807.4  1.097  1.363
1000.0 -280.1  -26.8   82.6    7.9 1412.1  1.265  743.7  1.053  1.467

Maximum point blank range = 364.000000
Maximum point blank zero = 309.000000
Range at maximum height = 170.000000
